0.0003125 	0.199688 	0.005 	0.275692 	0.141001 	0
0.0009375 	0.199688 	0.005 	0.349571 	0.122479 	0
0.0015625 	0.199688 	0.005 	0.490944 	0.0776552 	0
0.0021875 	0.199688 	0.005 	0.599337 	0.0490299 	0
0.0028125 	0.199688 	0.005 	0.668772 	0.0318125 	0
0.0034375 	0.199688 	0.005 	0.715919 	0.021009 	0
0.0040625 	0.199688 	0.005 	0.75026 	0.0141962 	0
0.0046875 	0.199688 	0.005 	0.776141 	0.00991566 	0
0.0053125 	0.199688 	0.005 	0.79615 	0.00719281 	0
0.0059375 	0.199688 	0.005 	0.812047 	0.00541665 	0
0.0065625 	0.199688 	0.005 	0.825006 	0.00422261 	0
0.0071875 	0.199688 	0.005 	0.835801 	0.00339393 	0
0.0078125 	0.199688 	0.005 	0.844957 	0.00279983 	0
0.0084375 	0.199688 	0.005 	0.852842 	0.00236027 	0
0.0090625 	0.199688 	0.005 	0.859721 	0.00202543 	0
0.0096875 	0.199688 	0.005 	0.865788 	0.0017637 	0
0.0103125 	0.199688 	0.005 	0.87119 	0.00155449 	0
0.0109375 	0.199688 	0.005 	0.876039 	0.00138405 	0
0.0115625 	0.199688 	0.005 	0.880422 	0.0012429 	0
0.0121875 	0.199688 	0.005 	0.884409 	0.0011244 	0
0.0128125 	0.199688 	0.005 	0.888056 	0.00102371 	0
0.0134375 	0.199688 	0.005 	0.891407 	0.000937271 	0
0.0140625 	0.199688 	0.005 	0.894501 	0.000862405 	0
0.0146875 	0.199688 	0.005 	0.897369 	0.000797045 	0
0.0153125 	0.199688 	0.005 	0.900037 	0.000739584 	0
0.0159375 	0.199688 	0.005 	0.902527 	0.000688752 	0
0.0165625 	0.199688 	0.005 	0.904858 	0.000643532 	0
0.0171875 	0.199688 	0.005 	0.907047 	0.000603101 	0
0.0178125 	0.199688 	0.005 	0.909106 	0.000566788 	0
0.0184375 	0.199688 	0.005 	0.911049 	0.000534038 	0
0.0190625 	0.199688 	0.005 	0.912887 	0.000504392 	0
0.0196875 	0.199688 	0.005 	0.914628 	0.000477465 	0
0.0203125 	0.199688 	0.005 	0.916281 	0.000452933 	0
0.0209375 	0.199688 	0.005 	0.917854 	0.00043052 	0
0.0215625 	0.199688 	0.005 	0.919352 	0.000409993 	0
0.0221875 	0.199688 	0.005 	0.920782 	0.00039115 	0
0.0228125 	0.199688 	0.005 	0.92215 	0.000373817 	0
0.0234375 	0.199688 	0.005 	0.923459 	0.000357846 	0
0.0240625 	0.199688 	0.005 	0.924714 	0.000343105 	0
0.0246875 	0.199688 	0.005 	0.925919 	0.00032948 	0
0.0253125 	0.199688 	0.005 	0.927078 	0.000316871 	0
0.0259375 	0.199688 	0.005 	0.928194 	0.000305189 	0
0.0265625 	0.199688 	0.005 	0.92927 	0.000294357 	0
0.0271875 	0.199688 	0.005 	0.930309 	0.000284304 	0
0.0278125 	0.199688 	0.005 	0.931313 	0.000274969 	0
0.0284375 	0.199688 	0.005 	0.932285 	0.000266296 	0
0.0290625 	0.199688 	0.005 	0.933226 	0.000258235 	0
0.0296875 	0.199688 	0.005 	0.934139 	0.000250742 	0
0.0303125 	0.199688 	0.005 	0.935025 	0.000243775 	0
0.0309375 	0.199688 	0.005 	0.935887 	0.000237298 	0
0.0315625 	0.199688 	0.005 	0.936726 	0.000231275 	0
0.0321875 	0.199688 	0.005 	0.937544 	0.000225675 	0
0.0328125 	0.199688 	0.005 	0.938341 	0.000220469 	0
0.0334375 	0.199688 	0.005 	0.939119 	0.000215629 	0
0.0340625 	0.199688 	0.005 	0.93988 	0.000211128 	0
0.0346875 	0.199688 	0.005 	0.940625 	0.000206942 	0
0.0353125 	0.199688 	0.005 	0.941354 	0.000203048 	0
0.0359375 	0.199688 	0.005 	0.942069 	0.000199422 	0
0.0365625 	0.199688 	0.005 	0.94277 	0.000196042 	0
0.0371875 	0.199688 	0.005 	0.943459 	0.000192889 	0
0.0378125 	0.199688 	0.005 	0.944136 	0.000189939 	0
0.0384375 	0.199688 	0.005 	0.944802 	0.000187175 	0
0.0390625 	0.199688 	0.005 	0.945458 	0.000184573 	0
0.0396875 	0.199688 	0.005 	0.946104 	0.000182115 	0
0.0403125 	0.199688 	0.005 	0.94674 	0.00017978 	0
0.0409375 	0.199688 	0.005 	0.947368 	0.000177547 	0
0.0415625 	0.199688 	0.005 	0.947987 	0.000175396 	0
0.0421875 	0.199688 	0.005 	0.948599 	0.000173308 	0
0.0428125 	0.199688 	0.005 	0.949203 	0.000171263 	0
0.0434375 	0.199688 	0.005 	0.949799 	0.00016924 	0
0.0440625 	0.199688 	0.005 	0.950388 	0.000167219 	0
0.0446875 	0.199688 	0.005 	0.95097 	0.000165182 	0
0.0453125 	0.199688 	0.005 	0.951544 	0.000163109 	0
0.0459375 	0.199688 	0.005 	0.952112 	0.00016098 	0
0.0465625 	0.199688 	0.005 	0.952673 	0.000158776 	0
0.0471875 	0.199688 	0.005 	0.953226 	0.000156478 	0
0.0478125 	0.199688 	0.005 	0.953772 	0.000154071 	0
0.0484375 	0.199688 	0.005 	0.95431 	0.000151537 	0
0.0490625 	0.199688 	0.005 	0.95484 	0.00014886 	0
0.0496875 	0.199688 	0.005 	0.955362 	0.000146026 	0
0.0503125 	0.199688 	0.005 	0.955875 	0.000143021 	0
0.0509375 	0.199688 	0.005 	0.95638 	0.000139831 	0
0.0515625 	0.199688 	0.005 	0.956874 	0.000136446 	0
0.0521875 	0.199688 	0.005 	0.957359 	0.000132855 	0
0.0528125 	0.199688 	0.005 	0.957833 	0.000129051 	0
0.0534375 	0.199688 	0.005 	0.958297 	0.000125027 	0
0.0540625 	0.199688 	0.005 	0.958748 	0.00012078 	0
0.0546875 	0.199688 	0.005 	0.959187 	0.000116304 	0
0.0553125 	0.199688 	0.005 	0.959613 	0.000111597 	0
0.0559375 	0.199688 	0.005 	0.960026 	0.00010666 	0
0.0565625 	0.199688 	0.005 	0.960425 	0.000101492 	0
0.0571875 	0.199688 	0.005 	0.960808 	9.60983e-05 	0
0.0578125 	0.199688 	0.005 	0.961176 	9.04836e-05 	0
0.0584375 	0.199688 	0.005 	0.961528 	8.46531e-05 	0
0.0590625 	0.199688 	0.005 	0.961863 	7.86117e-05 	0
0.0596875 	0.199688 	0.005 	0.96218 	7.23653e-05 	0
0.0603125 	0.199688 	0.005 	0.96248 	6.59215e-05 	0
0.0609375 	0.199688 	0.005 	0.96276 	5.92891e-05 	0
0.0615625 	0.199688 	0.005 	0.963022 	5.24767e-05 	0
0.0621875 	0.199688 	0.005 	0.963263 	4.54916e-05 	0
0.0628125 	0.199688 	0.005 	0.963484 	3.83382e-05 	0
0.0634375 	0.199688 	0.005 	0.963684 	3.10195e-05 	0
0.0640625 	0.199688 	0.005 	0.963862 	2.35384e-05 	0
0.0646875 	0.199688 	0.005 	0.964018 	1.58978e-05 	0
0.0653125 	0.199688 	0.005 	0.964151 	8.09698e-06 	0
0.0659375 	0.199688 	0.005 	0.964261 	1.29702e-07 	0
0.0665625 	0.199688 	0.005 	0.964347 	-8.0167e-06 	0
0.0671875 	0.199688 	0.005 	0.964409 	-1.63587e-05 	0
0.0678125 	0.199688 	0.005 	0.964446 	-2.49143e-05 	0
0.0684375 	0.199688 	0.005 	0.964456 	-3.37073e-05 	0
0.0690625 	0.199688 	0.005 	0.964441 	-4.2734e-05 	0
0.0696875 	0.199688 	0.005 	0.964398 	-5.20686e-05 	0
0.0703125 	0.199688 	0.005 	0.964327 	-6.17631e-05 	0
0.0709375 	0.199688 	0.005 	0.964227 	-7.18632e-05 	0
0.0715625 	0.199688 	0.005 	0.964096 	-8.24412e-05 	0
0.0721875 	0.199688 	0.005 	0.963933 	-9.35595e-05 	0
0.0728125 	0.199688 	0.005 	0.963737 	-0.000105302 	0
0.0734375 	0.199688 	0.005 	0.963506 	-0.00011777 	0
0.0740625 	0.199688 	0.005 	0.963238 	-0.000131068 	0
0.0746875 	0.199688 	0.005 	0.96293 	-0.000145317 	0
0.0753125 	0.199688 	0.005 	0.962581 	-0.000160653 	0
0.0759375 	0.199688 	0.005 	0.962186 	-0.000177234 	0
0.0765625 	0.199688 	0.005 	0.961742 	-0.000195225 	0
0.0771875 	0.199688 	0.005 	0.961246 	-0.000214805 	0
0.0778125 	0.199688 	0.005 	0.960694 	-0.000236175 	0
0.0784375 	0.199688 	0.005 	0.960079 	-0.00025956 	0
0.0790625 	0.199688 	0.005 	0.959397 	-0.000285201 	0
0.0796875 	0.199688 	0.005 	0.958642 	-0.000313352 	0
0.0803125 	0.199688 	0.005 	0.957806 	-0.000344297 	0
0.0809375 	0.199688 	0.005 	0.956882 	-0.000378347 	0
0.0815625 	0.199688 	0.005 	0.955861 	-0.000415833 	0
0.0821875 	0.199688 	0.005 	0.954733 	-0.000457115 	0
0.0828125 	0.199688 	0.005 	0.953488 	-0.000502591 	0
0.0834375 	0.199688 	0.005 	0.952115 	-0.000552698 	0
0.0840625 	0.199688 	0.005 	0.950599 	-0.000607921 	0
0.0846875 	0.199688 	0.005 	0.948927 	-0.000668807 	0
0.0853125 	0.199688 	0.005 	0.947082 	-0.000735987 	0
0.0859375 	0.199688 	0.005 	0.945046 	-0.000810198 	0
0.0865625 	0.199688 	0.005 	0.9428 	-0.000892322 	0
0.0871875 	0.199688 	0.005 	0.94032 	-0.000983449 	0
0.0878125 	0.199688 	0.005 	0.93758 	-0.00108495 	0
0.0884375 	0.199688 	0.005 	0.93455 	-0.00119859 	0
0.0890625 	0.199688 	0.005 	0.931195 	-0.00132671 	0
0.0896875 	0.199688 	0.005 	0.927473 	-0.00147246 	0
0.0903125 	0.199688 	0.005 	0.923331 	-0.0016402 	0
0.0909375 	0.199688 	0.005 	0.918706 	-0.00183601 	0
0.0915625 	0.199688 	0.005 	0.913516 	-0.00206862 	0
0.0921875 	0.199688 	0.005 	0.907651 	-0.00235075 	0
0.0928125 	0.199688 	0.005 	0.900967 	-0.0027014 	0
0.0934375 	0.199688 	0.005 	0.89326 	-0.00314976 	0
0.0940625 	0.199688 	0.005 	0.884236 	-0.00374227 	0
0.0946875 	0.199688 	0.005 	0.873457 	-0.00455633 	0
0.0953125 	0.199688 	0.005 	0.860231 	-0.00572928 	0
0.0959375 	0.199688 	0.005 	0.843389 	-0.00752722 	0
0.0965625 	0.199688 	0.005 	0.820783 	-0.0105318 	0
0.0971875 	0.199688 	0.005 	0.787981 	-0.0161926 	0
0.0978125 	0.199688 	0.005 	0.735429 	-0.0286057 	0
0.0984375 	0.199688 	0.005 	0.636569 	-0.0584726 	0
0.0990625 	0.199688 	0.005 	0.459458 	-0.120586 	0
0.0996875 	0.199688 	0.005 	0.329848 	-0.156357 	0
